61184.5277132213,-16025.641025641,28673.2160974504,5341.88034188034,-89857.7438106716,-21367.5213675214
-16025.641025641,6552.83186576449,-5341.88034188034,-920.893625577085,21367.5213675214,3365.24193694536
28673.2160974504,-5341.88034188034,182922.095160244,16025.641025641,-211595.311257694,21367.5213675214
5341.88034188034,-920.893625577085,16025.641025641,2045.39725315016,-21367.5213675214,-167.24393040129
-89857.7438106716,21367.5213675214,-211595.311257694,-21367.5213675214,301453.055068366,0
-21367.5213675214,3365.24193694536,21367.5213675214,-167.24393040129,0,16710.881742065
